10

BROCA,50.6253626621,3.09052130369,
GUTENBERG,50.6375524573,3.05737238561,
BERTHELOT - SEVIGNE,50.6233463924,3.10064980821,
LITTRE,50.6226895897,3.03755695691,
MOZART,50.6271015746,3.06178635694,
CLG VERLAINE,50.6103812804,3.07015487707,
CLG JEAN ZAY,50.6478806512,2.98551563135,
VICTOR HUGO,50.6319405911,3.0038111345,
SUZANNE LACORE,50.6318953374,3.09730591879,
APPLICATION MICHELET,50.6269637458,3.05917184658,

0.0,4.2,1.2,5.1,3.0,3.4,9.9,8.7,1.7,3.0,
3.7,0.0,4.6,2.7,1.6,4.1,6.5,4.9,3.8,1.9,
1.7,5.0,0.0,5.9,3.8,4.2,10.7,9.5,2.1,3.8,
5.2,3.0,5.5,0.0,2.3,3.6,6.1,3.7,6.1,2.0,
3.0,1.7,3.3,3.1,0.0,2.7,6.8,5.2,3.3,0.6,
3.5,4.2,3.8,4.0,3.1,0.0,8.7,6.9,4.9,2.9,
10.1,6.5,10.4,5.5,6.8,8.5,0.0,3.2,9.8,6.8,
9.0,5.2,9.2,3.7,5.5,6.7,3.4,0.0,8.5,5.8,
1.8,3.3,1.5,5.9,4.0,5.0,9.6,8.1,0.0,4.0,
3.6,1.8,3.9,2.4,0.8,3.2,6.9,5.3,3.8,0.0,