9

Café des Arts,44.8347446,-0.5731186,
Cancan,44.8381044,-0.570925,
Café Oz,44.8628702,-0.5548542,
Simone,44.8435897,-0.5707444,
The Grizzly Pub,44.8304266,-0.5723229,
L'Antidote,44.8308543,-0.5712482,
Octopus,44.8273257,-0.5755499,
The Oxford Arms,44.8416977,-0.5840003,

0.0,1.2,4.3,1.6,0.7,0.9,1.2,1.6,
0.5,0.0,4.1,1.4,1.3,1.4,1.8,1.6,
4.6,4.9,0.0,2.9,5.3,5.1,5.8,3.8,
2.0,2.4,3.8,0.0,2.8,2.6,3.3,1.5,
0.8,1.9,4.8,2.1,0.0,0.1,0.6,1.9,
0.7,1.9,4.8,2.0,0.4,0.0,1.0,2.3,
1.4,2.5,5.5,2.7,0.6,0.8,0.0,2.6,
1.6,2.3,3.9,1.8,1.8,2.0,2.0,0.0,